ProgramInternalForm
( (-1, -1), int )
( (2, 0), id )
( (-1, -1), ; )
( (-1, -1), int )
( (3, 0), id )
( (-1, -1), ; )
( (-1, -1), read )
( (-1, -1), >> )
( (2, 0), id )
( (-1, -1), ; )
( (3, 0), id )
( (-1, -1), = )
( (11, 0), const )
( (-1, -1), ; )
( (-1, -1), int )
( (10, 0), id )
( (-1, -1), ; )
( (10, 0), id )
( (-1, -1), = )
( (13, 0), const )
( (-1, -1), ; )
( (-1, -1), while )
( (10, 0), id )
( (-1, -1), > )
( (10, 0), const )
( (-1, -1), do )
( (-1, -1), write )
( (-1, -1), << )
( (3, 0), id )
( (-1, -1), ; )
( (10, 0), id )
( (-1, -1), = )
( (10, 0), id )
( (-1, -1), - )
( (11, 0), const )
( (-1, -1), ; )
( (-1, -1), done )
( (-1, -1), ; )
( (-1, -1), if )
( (3, 0), id )
( (-1, -1), > )
( (2, 0), id )
( (-1, -1), do )
( (-1, -1), write )
( (-1, -1), << )
( (3, 0), id )
( (-1, -1), ; )
( (-1, -1), done )
